1
1
2
5
14
42
132
429
1430
4862
16796
58786
208012
742900
2674440
9694845
35357670
129644790
477638700
1767263190
6564120420
24466267020
91482563640
343059613650
1289904147324
4861946401452
18367353072152
69533550916004
263747951750360
1002242216651368
3814986502092304
14544636039226908
55534064877048200
212336130412243104
812944042149730816
3116285494907301376
11959798385860454400
45950804324621746176
176733862787006693376
680425371729975836672
2622127042276492312576
10113918591637898919936
39044429911904441335808
150853479205085353345024
583300119592996674994176
2257117854077247947800576
8740328711533173315469312
33868773757191047536967680
131327898242169369052315648
509552245179617111378493440
1978261657756160695581278208
7684785670514316886530850816
29869166945772625699568353280
116157871455782431321411813376
451959718027953497154103803904
1759414616608818923313970544640
6852456927844873701328095805440
26700952856774851650026804871168
104088460289122303653134951514112
405944995127576989651545863749632
1583850964596119932769884386099200
6182127958584856039659003615117312
24139737743045625710086003586236416
94295850558771972691834878067474432
368479169875816674886633203584466944
1440418573150919675439037945038766080
5632681584560312461118961035883053056
22033725021956516947596698507383144448
86218923998960284118627644843642322944
337485502510215978978924974576955817984
1321422108420282345612637169513020784640
5175569924646105702533768128764017901568
20276890389709400556110469064980034486272
79463489365077375918068962949858437627904
311496878311103323657093153957159809056768
1221395654430378802365262674050586140213248
4790408930363303930481811234572830863523840
18793142726809884840804034733382686449074176
73745243611532456179822309352506512918970368
289450081175264893476858658493500722964856832
1136359577947336283677221035980856583585267712
4462290049988320462884757592876351994554482688
17526585015616776956384202147526180357613289472
68854441132780197358910394542246111113543417856
270557451039395120332637002975922431737846562816
1063353702922273880876250776289717283341562019840
4180080073556524508180160579091917451976597569536
16435314834665427913277599438067531913872476733440
64633260585762918176676305819947863871352849039360
254224158304000787264208129729265998085005003194368
1000134600800354773801821453586282758962175499304960
3935312233584004761798579723751123973074570465771520
15487357822491890651046536566638268664479126548119552
60960876535340414652069662945232226538756204935512064
239993345518076986065360951501533588832363841998290944
944973797977428177826110603224428184756872677399986176
3721443204405954091911916540049571066065927744107053056
14657929356129575780407982594944394364074270609685610496
57743358069601354350364226849312855161328403967232704512
227508830794229370549787996831590074752074215131298398208
