74 65 32 77 79 68 76 73 321 65 77 32 83 73 280 32 68 321 85 71 79 32 
84 89 76 75 79 32 
79 32 74 69 68 78 79 32 
66 89 32 80 82 90 89 32 83 79 66 73 69 32 75 79 71 79 346 32 77 73 69 262 32 
67 90 69 77 85 32 68 90 73 83 73 65 74 32 84 85 32 84 65 75 32 80 85 83 84 79 32 
83 77 85 84 78 79 32 
80 79 78 85 82 79 32 
67 90 89 32 78 73 69 32 84 65 75 32 67 79 346 32 90 69 32 77 78 260 32 74 69 83 84 32 
77 211 87 73 260 32 79 32 77 78 73 69 32 82 65 67 90 69 74 32 90 68 79 76 78 65 32 
77 260 68 82 65 32 
83 75 82 79 77 78 65 32 
65 32 74 65 32 87 260 84 80 73 280 32 67 90 89 32 84 65 75 32 74 69 83 84 32 
68 90 73 83 73 65 74 32 67 90 85 74 280 32 83 73 280 32 78 73 69 67 72 67 73 65 78 65 32 
83 65 77 65 32 
83 65 78 65 72 32 
67 90 89 32 75 84 79 346 32 84 65 75 260 32 90 69 67 72 67 69 32 77 78 73 69 
79 32 78 73 69 32 
67 90 89 32 82 79 90 75 82 280 67 280 32 83 73 280 32 
80 79 78 73 69 83 73 69 32 77 78 73 69 32 
80 79 78 73 69 83 73 69 32 77 78 73 69 32 
73 32 80 79 78 73 69 83 73 69 32 77 78 73 69 32 
65 32 80 211 75 73 32 67 79 32 68 90 73 87 73 32 77 78 73 69 32 84 79 32 
379 69 32 76 85 66 73 280 32 77 69 32 321 90 89 32 
66 79 32 84 65 75 73 32 77 65 77 32 83 84 89 76 32 
80 82 90 69 67 73 69 379 32 73 32 84 65 75 32 67 90 65 82 85 32 77 73 32 66 82 65 75 32 
65 32 78 65 32 68 82 85 71 73 69 32 77 65 77 32 
75 82 211 76 79 87 65 32 68 82 65 77 32 
65 32 80 211 75 73 32 67 79 32 68 90 73 87 73 32 77 78 73 69 32 84 79 32 379 69 32 77 73 77 79 32 84 89 67 72 32 321 69 90 32 
68 79 66 82 90 69 32 77 73 32 74 69 83 84 32 
80 82 90 69 67 73 69 379 32 73 32 84 65 75 32 67 90 65 82 85 32 77 73 32 66 82 65 75 32 
65 32 78 65 32 68 82 85 71 73 69 32 77 65 77 32 
75 82 211 76 79 87 65 32 68 82 65 77 32 
75 82 211 76 79 87 65 32 68 82 65 77 32 
73 78 78 69 32 80 65 84 82 90 260 32 83 73 280 32 84 65 75 32 80 73 280 75 78 73 69 32 
78 65 77 73 280 84 78 73 69 32 
80 79 78 280 84 78 73 69 32 
74 65 32 87 32 80 79 68 321 79 71 280 32 87 66 73 74 65 77 32 87 90 82 79 75 32 
67 72 79 68 90 260 32 74 65 75 32 87 32 90 87 79 76 78 73 79 78 89 77 32 84 69 77 80 73 69 32 
84 65 75 32 80 69 87 78 73 69 32 
90 87 73 69 87 78 73 69 32 
85 32 77 78 73 69 32 87 67 73 260 379 32 78 73 69 346 77 73 65 321 89 32 75 82 79 75 32 
79 32 78 73 69 32 
67 90 89 32 82 79 90 75 82 280 67 280 32 83 73 280 32 
80 79 78 73 69 83 73 69 32 77 78 73 69 32 
80 79 78 73 69 83 73 69 32 77 78 73 69 32 
73 32 80 79 78 73 69 83 73 69 32 77 78 73 69 32 
65 32 80 211 75 73 32 67 79 32 68 90 73 87 73 32 77 78 73 69 32 84 79 32 
379 69 32 76 85 66 73 280 32 77 69 32 321 90 89 32 
66 79 32 84 65 75 73 32 77 65 77 32 83 84 89 76 32 
80 82 90 69 67 73 69 379 32 73 32 84 65 75 32 67 90 65 82 85 32 77 73 32 66 82 65 75 32 
65 32 78 65 32 68 82 85 71 73 69 32 77 65 77 32 75 82 211 76 79 87 65 32 68 82 65 77 32 
65 32 80 211 75 73 32 67 79 32 68 90 73 87 73 32 77 78 73 69 32 84 79 32 
379 69 32 77 73 77 79 32 84 89 67 72 32 321 69 90 32 
68 79 66 82 90 69 32 77 73 32 74 69 83 84 32 
80 82 90 69 67 73 69 379 32 73 32 84 65 75 32 67 90 65 82 85 32 77 73 32 66 82 65 75 32 
65 32 78 65 32 68 82 85 71 73 69 32 77 65 77 32 
75 82 211 76 79 87 65 32 68 82 65 77 32 79 79 32 
75 82 211 76 79 87 65 32 68 82 65 77 32 79 79 32 
75 82 211 76 79 87 65 32 68 82 65 77 32 79 79 32 
84 65 75 32 78 65 32 68 82 85 71 73 69 32 77 65 77 32 79 79 32 
75 82 211 76 79 87 65 32 68 82 65 77 32 79 79 79 
74 65 32 77 79 68 76 73 321 65 77 32 83 73 280 32 68 321 85 71 79 32 
84 89 76 75 79 32 
79 32 74 69 68 78 79 32 
66 89 32 80 82 90 89 32 83 79 66 73 69 32 75 79 71 79 346 32 77 73 69 262 
