,Male Height in Ft
0,6.03
1,6.01
2,6.0
3,5.99
4,5.97
5,5.97
6,5.94
7,5.94
8,5.94
9,5.94
10,5.94
11,5.93
12,5.93
13,5.93
14,5.93
15,5.92
16,5.92
17,5.92
18,5.91
19,5.91
20,5.9
21,5.89
22,5.88
23,5.88
24,5.87
25,5.87
26,5.87
27,5.87
28,5.87
29,5.86
30,5.86
31,5.86
32,5.86
33,5.86
34,5.86
35,5.86
36,5.85
37,5.85
38,5.85
39,5.83
40,5.83
41,5.82
42,5.81
43,5.81
44,5.81
45,5.81
46,5.81
47,5.8
48,5.8
49,5.79
50,5.79
51,5.79
52,5.79
53,5.79
54,5.79
55,5.78
56,5.78
57,5.78
58,5.78
59,5.77
60,5.77
61,5.77
62,5.77
63,5.76
64,5.76
65,5.76
66,5.76
67,5.76
68,5.75
69,5.74
70,5.74
71,5.74
72,5.74
73,5.74
74,5.74
75,5.73
76,5.73
77,5.73
78,5.73
79,5.73
80,5.72
81,5.72
82,5.72
83,5.72
84,5.72
85,5.72
86,5.72
87,5.71
88,5.71
89,5.71
90,5.71
91,5.71
92,5.71
93,5.7
94,5.7
95,5.7
96,5.7
97,5.7
98,5.69
99,5.69
100,5.69
101,5.69
102,5.68
103,5.68
104,5.68
105,5.67
106,5.67
107,5.67
108,5.65
109,5.65
110,5.65
111,5.65
112,5.65
113,5.64
114,5.64
115,5.64
116,5.63
117,5.63
118,5.63
119,5.63
120,5.63
121,5.62
122,5.62
123,5.62
124,5.61
125,5.6
126,5.6
127,5.6
128,5.6
129,5.6
130,5.6
131,5.6
132,5.6
133,5.59
134,5.59
135,5.59
136,5.59
137,5.59
138,5.59
139,5.59
140,5.58
141,5.58
142,5.58
143,5.57
144,5.57
145,5.57
146,5.56
147,5.56
148,5.56
149,5.56
150,5.55
151,5.54
152,5.54
153,5.54
154,5.54
155,5.53
156,5.53
157,5.53
158,5.53
159,5.53
160,5.52
161,5.52
162,5.52
163,5.52
164,5.52
165,5.52
166,5.51
167,5.51
168,5.51
169,5.5
170,5.5
171,5.49
172,5.49
173,5.49
174,5.48
175,5.48
176,5.47
177,5.47
178,5.46
179,5.46
180,5.46
181,5.45
182,5.45
183,5.44
184,5.43
185,5.43
186,5.42
187,5.42
188,5.42
189,5.42
190,5.42
191,5.39
192,5.39
193,5.39
194,5.39
195,5.35
196,5.35
197,5.34
198,5.25
